SI=[11.069	14.4	17.718
11.069	6.67	17.718
16.664	5.597	4.384
13.33	8.931	17.718
14.403	3.336	4.384
10.003	7.736	18.949
3.336	18.934	15.616
5.597	18.934	15.616
10.003	12.267	18.949
18.934	5.597	4.384
5.6	8.931	17.718
13.33	14.4	17.718
7.733	7.736	18.949
3.336	18.934	5.616
12.264	9.997	18.949
7.733	9.997	18.949
5.597	18.934	5.616
12.264	12.267	18.949
3.336	8.934	15.616
11.066	14.403	15.616
5.597	16.664	15.616
14.403	1.066	4.384
11.066	16.664	15.616
18.934	3.336	4.384
6.67	5.6	12.282
14.4	11.069	12.282
16.664	1.066	4.384
5.597	8.934	15.616
13.336	4.403	5.616
15.597	6.664	5.616
8.931	13.33	12.282
14.4	13.33	12.282
8.931	5.6	12.282
3.336	14.403	15.616
16.664	5.597	14.384
6.67	11.069	12.282
14.403	3.336	14.384
13.33	14.4	7.718
6.664	11.066	14.384
5.6	8.931	7.718
11.069	6.67	7.718
18.934	5.597	14.384
7.736	17.733	1.051
5.6	6.67	7.718
11.069	14.4	7.718
13.33	8.931	7.718
10.003	7.736	8.949
8.934	13.336	14.384
9.997	17.733	1.051
9.997	7.733	11.051
4.403	11.066	14.384
12.267	10.003	11.051
7.736	7.733	11.051
14.403	1.066	14.384
10.003	12.267	8.949
18.934	3.336	14.384
8.931	15.6	2.282
7.733	7.736	8.949
16.664	1.066	14.384
6.67	15.6	2.282
13.336	4.403	15.616
15.597	6.664	15.616
7.733	19.997	8.949
12.264	9.997	8.949
7.733	9.997	8.949
12.264	19.997	8.949
16.664	15.597	4.384
12.264	12.267	8.949
14.403	13.336	4.384
7.733	17.736	8.949
8.934	15.597	14.384
12.267	12.264	11.051
7.736	17.733	11.051
18.934	15.597	4.384
9.997	17.733	11.051
7.736	10.003	11.051
9.997	12.264	11.051
4.403	13.336	14.384
6.67	5.6	2.282
14.4	11.069	2.282
6.664	15.597	14.384
8.931	13.33	2.282
10.003	17.736	8.949
14.4	13.33	2.282
8.931	5.6	2.282
14.403	11.066	4.384
6.67	11.069	2.282
18.934	13.336	4.384
13.33	18.931	7.718
9.997	7.733	1.051
16.664	11.066	4.384
5.6	16.67	7.718
13.336	14.403	5.616
15.597	8.934	5.616
15.597	16.664	5.616
13.336	8.934	5.616
12.267	10.003	1.051
7.736	7.733	1.051
3.336	8.934	5.616
11.066	14.403	5.616
16.664	15.597	14.384
5.597	16.664	5.616
14.403	13.336	14.384
11.066	16.664	5.616
5.597	8.934	5.616
12.267	12.264	1.051
3.336	14.403	5.616
18.934	15.597	14.384
6.664	11.066	4.384
7.736	10.003	1.051
9.997	12.264	1.051
11.069	16.67	7.718
13.33	4.4	17.718
11.069	4.4	17.718
5.6	18.931	7.718
10.003	2.267	18.949
8.934	13.336	4.384
8.931	15.6	12.282
12.264	2.267	18.949
14.403	11.066	14.384
4.403	11.066	4.384
18.934	13.336	14.384
6.67	15.6	12.282
7.733	19.997	18.949
16.664	11.066	14.384
12.264	19.997	18.949
13.336	14.403	15.616
15.597	8.934	15.616
15.597	16.664	15.616
13.336	8.934	15.616
14.4	1.069	12.282
8.931	3.33	12.282
15.597	18.934	5.616
13.336	18.934	5.616
14.4	3.33	12.282
6.67	1.069	12.282
15.597	18.934	15.616
13.336	18.934	15.616
13.33	4.4	7.718
11.069	4.4	7.718
7.733	17.736	18.949
12.267	0.003	11.051
8.934	15.597	4.384
10.003	2.267	8.949
10.003	17.736	18.949
13.33	18.931	17.718
12.264	2.267	8.949
5.6	16.67	17.718
12.267	2.264	11.051
4.403	13.336	4.384
11.069	16.67	17.718
7.736	0.003	11.051
6.664	15.597	4.384
9.997	2.264	11.051
5.6	18.931	17.718
19.997	2.264	1.051
14.4	1.069	2.282
8.931	3.33	2.282
11.066	4.403	15.616
14.4	3.33	2.282
5.597	6.664	15.616
6.67	1.069	2.282
11.066	6.664	15.616
12.267	0.003	1.051
3.336	4.403	15.616
6.664	1.066	14.384
12.267	2.264	1.051
17.736	0.003	1.051
8.934	3.336	14.384
7.736	0.003	1.051
16.67	1.069	2.282
9.997	2.264	1.051
4.403	1.066	14.384
18.931	3.33	2.282
1.069	16.67	17.718
3.33	18.931	17.718
19.997	2.264	11.051
0.003	17.736	18.949
17.736	0.003	11.051
16.67	1.069	12.282
18.931	3.33	12.282
8.934	5.597	14.384
2.264	19.997	18.949
1.069	16.67	7.718
3.33	18.931	7.718
0.003	17.736	8.949
19.997	12.264	1.051
17.736	10.003	1.051
4.403	3.336	14.384
6.664	5.597	14.384
2.264	19.997	8.949
17.736	7.733	1.051
3.33	14.4	17.718
1.069	6.67	17.718
19.997	7.733	1.051
1.069	14.4	17.718
11.066	4.403	5.616
3.33	8.931	17.718
5.597	6.664	5.616
0.003	7.736	18.949
11.066	6.664	5.616
0.003	12.267	18.949
3.336	4.403	5.616
2.264	9.997	18.949
6.664	1.066	4.384
2.264	12.267	18.949
16.67	11.069	2.282
18.931	5.6	2.282
8.934	3.336	4.384
18.931	13.33	2.282
4.4	11.069	12.282
4.4	13.33	12.282
4.403	1.066	4.384
3.33	14.4	7.718
16.67	5.6	2.282
1.069	6.67	7.718
19.997	12.264	11.051
1.069	14.4	7.718
3.33	8.931	7.718
0.003	7.736	8.949
17.736	10.003	11.051
2.267	10.003	11.051
17.733	9.997	8.949
0.003	12.267	8.949
17.733	7.736	8.949
8.934	5.597	4.384
2.264	9.997	8.949
17.736	7.733	11.051
2.264	12.267	8.949
19.997	7.733	11.051
4.403	3.336	4.384
2.267	12.264	11.051
15.6	6.67	7.718
6.664	5.597	4.384
15.6	8.931	7.718
4.4	11.069	2.282
4.4	13.33	2.282
16.67	11.069	12.282
2.267	10.003	1.051
18.931	5.6	12.282
1.066	14.403	15.616
1.066	16.664	15.616
18.931	13.33	12.282
2.267	12.264	1.051
16.67	5.6	12.282
1.066	14.403	5.616
3.33	4.4	17.718
1.069	4.4	17.718
1.066	16.664	5.616
0.003	2.267	18.949
1.066	4.403	15.616
1.066	6.664	15.616
17.733	9.997	18.949
2.264	2.267	18.949
17.733	7.736	18.949
1.066	4.403	5.616
4.4	1.069	12.282
4.4	3.33	12.282
1.066	6.664	5.616
3.33	4.4	7.718
15.6	18.931	17.718
1.069	4.4	7.718
2.267	0.003	11.051
15.6	16.67	17.718
0.003	2.267	8.949
15.6	6.67	17.718
17.733	17.736	18.949
2.264	2.267	8.949
15.6	8.931	17.718
17.733	19.997	18.949
16.67	15.6	12.282
2.267	2.264	11.051
18.931	15.6	12.282
4.4	1.069	2.282
4.4	3.33	2.282
2.267	0.003	1.051
15.6	18.931	7.718
15.6	16.67	7.718
19.997	17.733	11.051
17.736	17.733	1.051
2.267	2.264	1.051
17.736	17.733	11.051
19.997	17.733	1.051
18.931	15.6	2.282
17.733	17.736	8.949
16.67	15.6	2.282
17.733	19.997	8.949
5.6	6.67	17.718
];
