SI=[14.038	18.363	7.919
0.962	3.363	17.081
0.962	3.363	7.081
9.038	6.637	2.919
4.038	8.363	17.919
19.038	16.637	12.919
10.962	3.363	7.081
0.962	13.363	17.081
10.962	3.363	17.081
9.038	16.637	12.919
5.962	11.637	12.081
4.038	18.363	7.919
5.962	11.637	2.081
10.962	13.363	7.081
10.962	13.363	17.081
15.962	1.637	12.081
15.962	1.637	2.081
19.038	6.637	2.919
0.962	13.363	7.081
14.038	8.363	7.919
9.038	16.637	2.919
4.038	18.363	17.919
19.038	16.637	2.919
14.038	8.363	17.919
15.962	11.637	12.081
15.962	11.637	2.081
5.962	1.637	12.081
14.038	18.363	17.919
19.038	6.637	12.919
9.038	6.637	12.919
4.038	8.363	7.919
5.962	1.637	2.081
6.265	19.974	6.191
16.265	9.974	16.191
6.265	9.974	6.191
18.735	14.974	18.809
3.735	0.026	3.809
16.265	19.974	16.191
11.265	5.026	1.191
6.265	9.974	16.191
16.265	9.974	6.191
13.735	0.026	13.809
6.265	19.974	16.191
3.735	0.026	13.809
16.265	19.974	6.191
3.735	10.026	3.809
3.735	10.026	13.809
13.735	0.026	3.809
8.735	4.974	8.809
1.265	5.026	11.191
11.265	15.026	1.191
11.265	15.026	11.191
13.735	10.026	13.809
8.735	14.974	18.809
13.735	10.026	3.809
11.265	5.026	11.191
1.265	15.026	1.191
18.735	14.974	8.809
8.735	14.974	8.809
18.735	4.974	18.809
18.735	4.974	8.809
1.265	15.026	11.191
1.265	5.026	1.191
8.735	4.974	18.809
16.505	10.058	8.513
1.505	14.942	3.513
13.495	9.942	1.487
1.505	14.942	13.513
8.495	15.058	16.487
1.505	4.942	3.513
13.495	19.942	1.487
18.495	5.058	6.487
11.505	14.942	3.513
11.505	4.942	13.513
3.495	19.942	11.487
11.505	14.942	13.513
11.505	4.942	3.513
13.495	9.942	11.487
3.495	9.942	1.487
6.505	10.058	8.513
1.505	4.942	13.513
16.505	10.058	18.513
13.495	19.942	11.487
3.495	19.942	1.487
8.495	5.058	6.487
18.495	15.058	6.487
16.505	0.058	18.513
6.505	10.058	18.513
3.495	9.942	11.487
8.495	15.058	6.487
18.495	5.058	16.487
16.505	0.058	8.513
8.495	5.058	16.487
6.505	0.058	18.513
18.495	15.058	16.487
6.505	0.058	8.513
6.907	8.859	3.504
16.907	8.859	3.504
13.093	1.141	6.496
8.093	13.859	11.496
1.907	6.141	18.504
11.907	6.141	8.504
8.093	13.859	1.496
3.093	1.141	16.496
11.907	16.141	18.504
13.093	11.141	6.496
1.907	16.141	8.504
3.093	11.141	6.496
11.907	6.141	18.504
8.093	3.859	1.496
1.907	16.141	18.504
11.907	16.141	8.504
6.907	8.859	13.504
13.093	1.141	16.496
3.093	11.141	16.496
18.093	13.859	1.496
6.907	18.859	3.504
3.093	1.141	6.496
18.093	3.859	1.496
6.907	18.859	13.504
18.093	13.859	11.496
16.907	18.859	13.504
13.093	11.141	16.496
18.093	3.859	11.496
16.907	18.859	3.504
16.907	8.859	13.504
1.907	6.141	8.504
8.093	3.859	11.496
19.546	19.18	10.633
0.454	10.82	19.367
4.546	5.82	5.633
19.546	9.18	10.633
0.454	0.82	19.367
5.454	4.18	14.367
5.454	4.18	4.367
15.454	4.18	14.367
10.454	0.82	19.367
0.454	10.82	9.367
9.546	9.18	0.633
15.454	14.18	14.367
9.546	19.18	10.633
10.454	10.82	19.367
4.546	15.82	15.633
19.546	19.18	0.633
14.546	15.82	5.633
9.546	19.18	0.633
14.546	15.82	15.633
15.454	4.18	4.367
5.454	14.18	4.367
9.546	9.18	10.633
15.454	14.18	4.367
0.454	0.82	9.367
19.546	9.18	0.633
10.454	0.82	9.367
5.454	14.18	14.367
4.546	5.82	15.633
4.546	15.82	5.633
10.454	10.82	9.367
14.546	5.82	15.633
14.546	5.82	5.633
18.904	13.812	15.547
13.904	1.188	0.547
1.096	16.188	14.453
8.904	3.812	15.547
6.096	8.812	19.453
18.904	13.812	5.547
11.096	6.188	4.453
1.096	6.188	14.453
8.904	13.812	15.547
3.904	1.188	10.547
6.096	8.812	9.453
16.096	18.812	9.453
1.096	16.188	4.453
3.904	11.188	0.547
18.904	3.812	5.547
13.904	11.188	0.547
11.096	16.188	4.453
13.904	11.188	10.547
11.096	16.188	14.453
16.096	8.812	9.453
16.096	8.812	19.453
13.904	1.188	10.547
16.096	18.812	19.453
6.096	18.812	19.453
18.904	3.812	15.547
8.904	3.812	5.547
3.904	1.188	0.547
6.096	18.812	9.453
1.096	6.188	4.453
3.904	11.188	10.547
8.904	13.812	5.547
11.096	6.188	14.453
8.446	0.403	19.997
8.446	0.403	9.997
1.554	9.597	10.003
3.446	14.597	4.997
1.554	9.597	0.003
13.446	4.597	14.997
6.554	5.403	5.003
11.554	19.597	10.003
11.554	9.597	0.003
16.554	15.403	15.003
16.554	15.403	5.003
11.554	9.597	10.003
1.554	19.597	0.003
6.554	15.403	5.003
13.446	4.597	4.997
3.446	14.597	14.997
6.554	5.403	15.003
18.446	0.403	9.997
18.446	10.403	9.997
8.446	10.403	9.997
16.554	5.403	15.003
13.446	14.597	4.997
16.554	5.403	5.003
13.446	14.597	14.997
3.446	4.597	14.997
18.446	0.403	19.997
3.446	4.597	4.997
6.554	15.403	15.003
18.446	10.403	19.997
11.554	19.597	0.003
8.446	10.403	19.997
1.554	19.597	10.003
14.223	10.568	8.6
0.777	5.568	6.4
9.223	14.432	3.6
4.223	0.568	18.6
9.223	4.432	13.6
4.223	0.568	8.6
10.777	15.568	6.4
0.777	5.568	16.4
15.777	19.432	1.4
0.777	15.568	6.4
14.223	0.568	18.6
10.777	5.568	6.4
14.223	10.568	18.6
9.223	4.432	3.6
19.223	14.432	3.6
14.223	0.568	8.6
5.777	19.432	11.4
0.777	15.568	16.4
15.777	9.432	11.4
4.223	10.568	18.6
19.223	4.432	3.6
5.777	9.432	1.4
19.223	4.432	13.6
9.223	14.432	13.6
4.223	10.568	8.6
15.777	9.432	1.4
5.777	19.432	1.4
10.777	15.568	16.4
19.223	14.432	13.6
10.777	5.568	16.4
15.777	19.432	11.4
5.777	9.432	11.4
13.537	18.331	15.524
6.463	11.669	14.476
1.463	13.331	9.476
8.537	16.669	10.524
16.463	1.669	4.476
8.537	6.669	0.524
3.537	8.331	5.524
6.463	11.669	4.476
3.537	8.331	15.524
18.537	6.669	0.524
8.537	16.669	0.524
3.537	18.331	5.524
6.463	1.669	4.476
16.463	11.669	4.476
6.463	1.669	14.476
11.463	13.331	19.476
1.463	3.331	9.476
1.463	13.331	19.476
18.537	16.669	0.524
16.463	11.669	14.476
11.463	13.331	9.476
8.537	6.669	10.524
16.463	1.669	14.476
11.463	3.331	19.476
11.463	3.331	9.476
13.537	8.331	15.524
13.537	8.331	5.524
13.537	18.331	5.524
1.463	3.331	19.476
18.537	16.669	10.524
3.537	18.331	15.524
18.537	6.669	10.524
13.049	4.301	10.469
11.951	9.301	4.531
13.049	14.301	0.469
18.049	10.699	5.469
6.951	5.699	19.531
16.951	15.699	19.531
1.951	9.301	4.531
3.049	4.301	10.469
8.049	10.699	15.469
3.049	14.301	0.469
16.951	15.699	9.531
8.049	10.699	5.469
6.951	5.699	9.531
11.951	19.301	14.531
6.951	15.699	9.531
11.951	9.301	14.531
8.049	0.699	15.469
11.951	19.301	4.531
1.951	9.301	14.531
1.951	19.301	4.531
8.049	0.699	5.469
1.951	19.301	14.531
6.951	15.699	19.531
16.951	5.699	9.531
13.049	14.301	10.469
13.049	4.301	0.469
18.049	0.699	15.469
18.049	10.699	15.469
3.049	14.301	10.469
18.049	0.699	5.469
16.951	5.699	19.531
3.049	4.301	0.469
3.449	5.072	8.847
8.449	9.928	3.847
1.551	10.072	16.153
16.551	4.928	11.153
8.449	19.928	3.847
3.449	5.072	18.847
8.449	19.928	13.847
11.551	0.072	16.153
1.551	0.072	6.153
6.551	4.928	11.153
13.449	5.072	8.847
11.551	0.072	6.153
6.551	14.928	11.153
16.551	14.928	1.153
13.449	5.072	18.847
18.449	9.928	3.847
11.551	10.072	16.153
11.551	10.072	6.153
13.449	15.072	18.847
3.449	15.072	8.847
1.551	10.072	6.153
16.551	4.928	1.153
16.551	14.928	11.153
8.449	9.928	13.847
18.449	19.928	13.847
13.449	15.072	8.847
3.449	15.072	18.847
18.449	19.928	3.847
6.551	4.928	1.153
1.551	0.072	16.153
6.551	14.928	1.153
18.449	9.928	13.847
16.516	13.025	12.137
6.516	3.025	2.137
18.484	18.025	12.863
1.516	11.975	7.137
16.516	3.025	2.137
3.484	16.975	7.863
13.484	16.975	17.863
11.516	11.975	17.137
18.484	8.025	2.863
16.516	13.025	2.137
8.484	18.025	12.863
8.484	8.025	2.863
3.484	6.975	7.863
16.516	3.025	12.137
6.516	13.025	2.137
3.484	6.975	17.863
11.516	1.975	17.137
13.484	6.975	7.863
8.484	18.025	2.863
11.516	1.975	7.137
1.516	1.975	7.137
8.484	8.025	12.863
6.516	3.025	12.137
1.516	11.975	17.137
13.484	6.975	17.863
11.516	11.975	7.137
13.484	16.975	7.863
18.484	8.025	12.863
3.484	16.975	17.863
1.516	1.975	17.137
6.516	13.025	12.137
18.484	18.025	2.863
18.052	8.063	10.538
8.052	18.063	0.538
6.948	3.063	14.462
3.052	16.937	15.538
11.948	1.937	9.462
11.948	11.937	9.462
6.948	13.063	14.462
13.052	16.937	5.538
13.052	6.937	5.538
1.948	1.937	9.462
